0 0 0 0 0 0
1 2 3 4 5 6
2 4 6 8 10 12
3 6 9 12 15 18
4 8 12 16 20 24
5 10 15 20 25 30
6 12 18 24 30 36
7 14 21 28 35 42
8 16 24 32 40 48
9 18 27 36 45 54
10 20 30 40 50 60
11 22 33 44 55 66
12 24 36 48 60 72
13 26 39 52 65 78
14 28 42 56 70 84
15 30 45 60 75 90
16 32 48 64 80 96
17 34 51 68 85 102
18 36 54 72 90 108
19 38 57 76 95 114
20 40 60 80 100 120
21 42 63 84 105 126
22 44 66 88 110 132
23 46 69 92 115 138
24 48 72 96 120 144
25 50 75 100 125 150
26 52 78 104 130 156
27 54 81 108 135 162
28 56 84 112 140 168
29 58 87 116 145 174
30 60 90 120 150 180
31 62 93 124 155 186
32 64 96 128 160 192
33 66 99 132 165 198
34 68 102 136 170 204
35 70 105 140 175 210
36 72 108 144 180 216
37 74 111 148 185 222
38 76 114 152 190 228
39 78 117 156 195 234
40 80 120 160 200 240
41 82 123 164 205 246
42 84 126 168 210 252
43 86 129 172 215 258
44 88 132 176 220 264
45 90 135 180 225 270
46 92 138 184 230 276
47 94 141 188 235 282
48 96 144 192 240 288
49 98 147 196 245 294